[gd_scene load_steps=6 format=3 uid="uid://dg70fo7tcn7u7"]

[ext_resource type="Script" path="res://scripts/ModelLoader.gd" id="1_p13ay"]

[sub_resource type="StandardMaterial3D" id="1"]
albedo_color = Color(0.282353, 0.435294, 0.870588, 1)
metallic = 0.05
roughness = 0.35

[sub_resource type="BoxMesh" id="2"]
size = Vector3(1.5, 2, 0.6)
material = SubResource("1")

[sub_resource type="Environment" id="3"]
background_mode = 1
background_color = Color(0.0823529, 0.0823529, 0.0980392, 1)
fog_enabled = true
fog_light_color = Color(0.105882, 0.14902, 0.235294, 1)
fog_color = Color(0.101961, 0.117647, 0.2, 1)

[node name="Main" type="Node3D"]
script = ExtResource("1_p13ay")

[node name="WorldEnvironment" type="WorldEnvironment" parent="."]
environment = SubResource("3")

[node name="Sun" type="DirectionalLight3D" parent="."]
transform = Transform3D(0.813798, -0.469428, 0.342881, 0, 0.590172, 0.807277, -0.581149, -0.656313, 0.481892, 0, 4, 0)
shadow_enabled = true
light_energy = 1.5

[node name="FillLight" type="DirectionalLight3D" parent="."]
transform = Transform3D(-0.82822, -0.48548, -0.279008, 0, 0.5024, -0.864636, 0.5604, -0.71617, -0.414835, 0, 2.5, 0)
light_energy = 0.45
shadow_enabled = false

[node name="CameraPivot" type="Node3D" parent="."]
transform = Transform3D(1, 0, 0, 0, 1, 0, 0, 0, 1, 0, 1.8, 0)

[node name="Camera3D" type="Camera3D" parent="CameraPivot"]
transform = Transform3D(0.965926, 0, -0.258819, 0, 1, 0, 0.258819, 0, 0.965926, 0, 0, 5.5)
current = true
fov = 55.0

[node name="ModelRoot" type="Node3D" parent="."]

[node name="FallbackMesh" type="MeshInstance3D" parent="ModelRoot"]
mesh = SubResource("2")
material_overlay = null

